1	692022063
2	86800114
3	27714223
4	12308089
5	6603385
6	4039753
7	2758966
8	2076794
9	1700559
10	1477506
11	1360251
12	1297248
13	1271674
14	1286599
15	1296657
16	1335476
17	1397270
18	1459614
19	1567502
20	1701878
21	1836830
22	2020538
23	2229278
24	2496256
25	2800344
26	3124186
27	3523367
28	4020015
29	4604138
30	5250031
31	5988782
32	6839991
33	7761779
34	8777273
35	9841744
36	10979521
37	12085741
38	13141789
39	14052589
40	14820712
41	15391616
42	15656041
43	15732475
44	15537672
45	15153198
46	14544491
47	13729198
48	12830292
49	11778562
50	10677759
51	9538701
52	8399932
53	7271048
54	6176115
55	5146082
56	4218260
57	3433731
58	2759179
59	2202730
60	1741194
61	1375282
62	1077469
63	827255
64	644376
65	512151
66	411031
67	346493
68	301534
69	273659
70	259988
71	254790
72	257662
73	261954
74	273518
75	285703
76	299316
77	314228
78	328225
79	343961
80	358908
81	373220
82	386011
83	394863
84	406226
85	413002
86	418349
87	421932
88	421179
89	418094
90	416713
91	410118
92	403066
93	392699
94	375711
95	357695
96	339861
97	322684
98	303761
99	284700
100	266919
101	247912
102	233119
103	220230
104	200638
105	187133
106	172382
107	161850
108	150351
109	139422
110	130665
111	124379
112	117765
113	113170
114	109092
115	106166
116	104628
117	104021
118	104674
119	103771
120	105328
121	108047
122	108950
123	109708
124	112343
125	114584
126	116398
127	118018
128	119785
129	120157
130	122234
131	122233
132	123764
133	123607
134	122464
135	120472
136	119297
137	119058
138	116938
139	113736
140	111845
141	107939
142	106695
143	105109
144	102932
145	100750
146	99402
147	96377
148	94214
149	91129
150	90856
151	89604
152	88388
153	86957
154	86930
155	87176
156	87445
157	85974
158	85767
159	85593
160	85712
161	85968
162	85982
163	85293
164	85126
165	85628
166	84872
167	84298
168	82950
169	82979
170	83253
171	83086
172	83091
173	81986
174	81473
175	81044
176	80545
177	80079
178	78717
179	75718
180	75407
181	72570
182	71921
183	68717
184	66765
185	64942
186	63118
187	60705
188	59805
189	57843
190	56887
191	54395
192	52194
193	50056
194	47005
195	45835
196	43545
197	42496
198	41334
199	39998
200	38572
201	37996
202	37029
203	36215
204	35611
205	34835
206	35029
207	34313
208	33508
209	33019
210	32894
211	31919
212	32301
213	31431
214	30775
215	31534
216	31502
217	30884
218	30509
219	30871
220	30292
221	30428
222	30403
223	30058
224	29860
225	29882
226	29957
227	29222
228	29205
229	28911
230	28892
231	28853
232	28275
233	27946
234	27873
235	28026
236	26967
237	26866
238	26001
239	26267
240	25784
241	26300
242	24950
243	24414
244	24543
245	24945
246	24292
247	24323
248	23819
249	24031
250	23704
251	24001
252	23395
253	23503
254	22881
255	23177
256	23001
257	22778
258	22844
259	22743
260	22459
261	22004
262	21982
263	22094
264	21822
265	21564
266	21128
267	20663
268	20615
269	20313
270	20521
271	20013
272	19791
273	19927
274	19871
275	19823
276	19776
277	19610
278	18859
279	18702
280	18732
281	18398
282	18159
283	18051
284	17742
285	17920
286	17715
287	17469
288	17531
289	16732
290	16507
291	16083
292	16352
293	16219
294	16042
295	16023
296	15978
297	15364
298	15384
299	15065
300	15419
301	15175
302	15054
303	14762
304	14627
305	14323
306	14704
307	15283
308	14701
309	15135
310	14797
311	14637
312	14497
313	14517
314	14369
315	14430
316	14493
317	14074
318	14373
319	14312
320	14287
321	14336
322	13683
323	13826
324	13817
325	13416
326	13586
327	13431
328	13509
329	13142
330	13412
331	12839
332	12797
333	12613
334	12361
335	12357
336	12784
337	12344
338	12179
339	12043
340	12070
341	11742
342	11490
343	11239
344	11149
345	10958
346	10988
347	11088
348	10965
349	10484
350	10678
351	10963
352	10642
353	10975
354	10732
355	10575
356	10412
357	10612
358	10460
359	10402
360	10404
361	10045
362	10330
363	10431
364	10173
365	10101
366	10068
367	9797
368	9682
369	9941
370	9820
371	10117
372	9972
373	9630
374	9729
375	9567
376	9356
377	9625
378	9477
379	9518
380	9476
381	9254
382	9220
383	9013
384	8903
385	8772
386	8924
387	8728
388	8711
389	8643
390	8605
391	8742
392	8549
393	8384
394	8387
395	8138
396	8087
397	8180
398	8294
399	7930
400	8017
401	7886
402	8065
403	7980
404	7903
405	7894
406	7808
407	7704
408	7551
409	7662
410	7810
411	7745
412	7713
413	7733
414	7540
415	7404
416	7558
417	7734
418	7503
419	7339
420	7465
421	7214
422	7231
423	6964
424	7118
425	6984
426	6940
427	6855
428	6671
429	6666
430	6644
431	6701
432	6713
433	6762
434	6529
435	6539
436	6632
437	6555
438	6649
439	6339
440	6328
441	6232
442	6361
443	6383
444	6370
445	6243
446	6325
447	6283
448	6164
449	6154
450	6180
451	5977
452	6219
453	6225
454	6312
455	6424
456	6223
457	6020
458	6128
459	6006
460	6131
461	6108
462	6067
463	6119
464	6088
465	6031
466	5775
467	5662
468	5576
469	5570
470	5484
471	5567
472	5379
473	5321
474	5468
475	5316
476	5509
477	5347
478	5117
479	5098
480	5125
481	5120
482	4971
483	4867
484	4938
485	4975
486	5013
487	4906
488	5007
489	4935
490	4899
491	4878
492	4855
493	4818
494	4790
495	4814
496	4770
497	4652
498	4791
499	4548
500	4647
501	4643
502	4552
503	4664
504	4820
505	4860
506	4709
507	4509
508	4731
509	4629
510	4443
511	4386
512	4386
513	4395
514	4284
515	4318
516	4300
517	4272
518	4290
519	4253
520	4212
521	4320
522	4229
523	4254
524	4026
525	3998
526	4264
527	4232
528	4083
529	4108
530	4062
531	4024
532	4070
533	3977
534	4186
535	4046
536	3956
537	4292
538	4130
539	3955
540	3966
541	4009
542	3904
543	3944
544	3862
545	3868
546	3826
547	3835
548	3901
549	3843
550	3892
551	3659
552	3753
553	3846
554	3860
555	3770
556	3710
557	3634
558	3682
559	3675
560	3605
561	3592
562	3551
563	3483
564	3642
565	3745
566	3432
567	3556
568	3624
569	3554
570	3393
571	3523
572	3379
573	3516
574	3400
575	3496
576	3386
577	3593
578	3471
579	3313
580	3431
581	3384
582	3402
583	3336
584	3353
585	3347
586	3254
587	3315
588	3222
589	3223
590	3102
591	3282
592	3204
593	3270
594	3104
595	3103
596	3114
597	3058
598	3104
599	3193
600	3016
601	2997
602	3006
603	3119
604	3044
605	3028
606	3010
607	2996
608	3118
609	3090
610	3032
611	3182
612	3088
613	3084
614	2873
615	2962
616	3008
617	3123
618	3088
619	2944
620	2901
621	2935
622	2959
623	2972
624	2985
625	2976
626	2929
627	2870
628	2976
629	2845
630	3106
631	3007
632	3043
633	2984
634	2976
635	3112
636	2959
637	3042
638	3042
639	3026
640	3026
641	2853
642	3017
643	3010
644	2887
645	2845
646	2848
647	2758
648	2776
649	2756
650	2779
651	2777
652	2634
653	2667
654	2587
655	2790
656	2742
657	2611
658	2695
659	2483
660	2544
661	2551
662	2505
663	2582
664	2509
665	2519
666	2577
667	2611
668	2585
669	2584
670	2542
671	2526
672	2465
673	2511
674	2607
675	2529
676	2559
677	2483
678	2421
679	2422
680	2463
681	2420
682	2563
683	2608
684	2555
685	2422
686	2524
687	2484
688	2561
689	2557
690	2401
691	2426
692	2537
693	2404
694	2511
695	2428
696	2412
697	2362
698	2364
699	2337
700	2285
701	2254
702	2212
703	2282
704	2298
705	2319
706	2279
707	2303
708	2318
709	2228
710	2118
711	2209
712	2251
713	2154
714	2221
715	2174
716	2130
717	2037
718	2162
719	2201
720	2058
721	2176
722	2077
723	2109
724	2083
725	2107
726	2074
727	2027
728	1943
729	2071
730	1952
731	2009
732	2012
733	2055
734	1968
735	1983
736	1972
737	2018
738	1953
739	1987
740	2020
741	1886
742	1845
743	1834
744	1809
745	1915
746	1959
747	1866
748	1842
749	1922
750	1882
751	1841
752	1887
753	1787
754	1889
755	1847
756	1824
757	1899
758	1857
759	1860
760	1836
761	1908
762	1863
763	1892
764	1841
765	1809
766	1845
767	1679
768	1783
769	1886
770	1818
771	1837
772	1796
773	1766
774	1695
775	1775
776	1759
777	1791
778	1729
779	1714
780	1743
781	1656
782	1717
783	1706
784	1753
785	1738
786	1769
787	1743
788	1702
789	1700
790	1678
791	1647
792	1676
793	1677
794	1742
795	1737
796	1614
797	1634
798	1552
799	1623
800	1627
801	1613
802	1605
803	1592
804	1651
805	1594
806	1681
807	1592
808	1610
809	1574
810	1662
811	1708
812	1550
813	1609
814	1597
815	1648
816	1646
817	1632
818	1536
819	1487
820	1560
821	1552
822	1565
823	1626
824	1572
825	1538
826	1547
827	1535
828	1574
829	1470
830	1604
831	1510
832	1539
833	1574
834	1578
835	1632
836	1641
837	1635
838	1606
839	1501
840	1607
841	1597
842	1533
843	1522
844	1507
845	1538
846	1556
847	1594
848	1542
849	1501
850	1495
851	1535
852	1602
853	1575
854	1479
855	1528
856	1545
857	1553
858	1607
859	1515
860	1484
861	1529
862	1471
863	1467
864	1468
865	1483
866	1510
867	1362
868	1410
869	1432
870	1467
871	1481
872	1480
873	1432
874	1489
875	1424
876	1458
877	1510
878	1502
879	1518
880	1492
881	1467
882	1406
883	1513
884	1505
885	1475
886	1419
887	1395
888	1443
889	1538
890	1435
891	1488
892	1490
893	1425
894	1429
895	1376
896	1366
897	1331
898	1365
899	1358
900	1351
901	1365
902	1376
903	1348
904	1461
905	1387
906	1417
907	1418
908	1417
909	1499
910	1506
911	1436
912	1364
913	1358
914	1471
915	1416
916	1395
917	1416
918	1528
919	1424
920	1420
921	1422
922	1337
923	1406
924	1319
925	1375
926	1437
927	1419
928	1412
929	1336
930	1403
931	1384
932	1410
933	1457
934	1405
935	1371
936	1223
937	1260
938	1268
939	1263
940	1255
941	1220
942	1271
943	1221
944	1225
945	1171
946	1174
947	1158
948	1237
949	1172
950	1170
951	1185
952	1164
953	1196
954	1262
955	1182
956	1270
957	1158
958	1173
959	1211
960	1119
961	1118
962	1164
963	1133
964	1225
965	1104
966	1109
967	1152
968	1180
969	1195
970	1204
971	1121
972	1173
973	1183
974	1116
975	1171
976	1132
977	1179
978	1192
979	1119
980	1123
981	1061
982	1108
983	1149
984	1047
985	1089
986	1121
987	1038
988	1145
989	1083
990	1047
991	1093
992	1103
993	1127
994	1054
995	1064
996	1100
997	1082
998	1072
999	1071
1000	4080679
