1	854605161
2	131437496
3	43726553
4	19334382
5	10450937
6	6403668
7	4282004
8	3022930
9	2178487
10	1638894
11	1245644
12	975442
13	781806
14	619533
15	493633
16	404782
17	327285
18	261057
19	218070
20	189505
21	170310
22	163747
23	162026
24	166994
25	174271
26	177003
27	179443
28	184752
29	190505
30	196660
31	203725
32	203699
33	200540
34	186007
35	178955
36	173311
37	167126
38	159514
39	151338
40	147115
41	134145
42	124894
43	119512
44	111820
45	102225
46	91463
47	83309
48	75465
49	68949
50	64460
51	60812
52	58767
53	54840
54	52500
55	50522
56	50177
57	48191
58	46802
59	47154
60	47730
61	48625
62	50278
63	53911
64	56569
65	61289
66	68015
67	77908
68	86702
69	98053
70	113210
71	132323
72	153365
73	179856
74	210571
75	247074
76	290856
77	342012
78	402714
79	472351
80	557204
81	650661
82	763920
83	887649
84	1033720
85	1178526
86	1336071
87	1517117
88	1697941
89	1909570
90	2127916
91	2358558
92	2610669
93	2887371
94	3158838
95	3444072
96	3728237
97	4023421
98	4317666
99	4591820
100	4864338
101	5118590
102	5357547
103	5578818
104	5780069
105	5976939
106	6168638
107	6297784
108	6399125
109	6475003
110	6516591
111	6505958
112	6466353
113	6411336
114	6307960
115	6187975
116	6034615
117	5874116
118	5664307
119	5445411
120	5201835
121	4944424
122	4678418
123	4401400
124	4119609
125	3845072
126	3572824
127	3306806
128	3046080
129	2787245
130	2537509
131	2306368
132	2083018
133	1876491
134	1669915
135	1486824
136	1310862
137	1151870
138	1021004
139	893143
140	781770
141	680297
142	590355
143	506478
144	436700
145	372736
146	315693
147	266408
148	226193
149	191051
150	162515
151	139682
152	118046
153	98031
154	85526
155	71263
156	61159
157	51573
158	42846
159	35801
160	29749
161	24570
162	20304
163	17227
164	14633
165	12889
166	11792
167	10548
168	10102
169	9664
170	9094
171	9044
172	8620
173	8749
174	9258
175	9107
176	8833
177	8813
178	9192
179	9631
180	10422
181	11370
182	11999
183	12272
184	12778
185	13949
186	14143
187	15450
188	16463
189	17349
190	17961
191	18546
192	19489
193	21082
194	21937
195	22439
196	23890
197	25373
198	26426
199	27476
200	28590
201	29416
202	30731
203	31696
204	32582
205	33508
206	34100
207	35879
208	35790
209	35812
210	35937
211	37545
212	37868
213	38475
214	38642
215	38640
216	38703
217	39094
218	38595
219	38280
220	37998
221	37295
222	37469
223	36604
224	36763
225	36441
226	35980
227	34464
228	34208
229	33349
230	32736
231	31937
232	31051
233	30505
234	29675
235	28401
236	27220
237	26021
238	24687
239	23550
240	22959
241	21555
242	20363
243	19350
244	18592
245	17468
246	16589
247	15748
248	15144
249	13925
250	12737
251	12292
252	11552
253	11101
254	10029
255	9275
256	8517
257	7658
258	7078
259	6592
260	6492
261	5985
262	5669
263	5170
264	5183
265	4807
266	4654
267	4494
268	4452
269	4287
270	4331
271	4238
272	4245
273	4333
274	3996
275	3888
276	3884
277	3683
278	3601
279	3653
280	3706
281	3853
282	3752
283	3847
284	3918
285	4103
286	4333
287	4406
288	4730
289	4564
290	4739
291	4947
292	4966
293	5444
294	5569
295	5567
296	5713
297	5810
298	6174
299	6367
300	6532
301	6896
302	7277
303	7764
304	7736
305	7936
306	8264
307	8214
308	8295
309	8594
310	8813
311	9044
312	9027
313	9276
314	9078
315	9355
316	9246
317	9402
318	9567
319	9611
320	9805
321	9501
322	9646
323	9302
324	9464
325	9646
326	9760
327	10006
328	9892
329	9860
330	9794
331	9700
332	9749
333	9382
334	9058
335	8858
336	8779
337	8753
338	8456
339	8327
340	8248
341	8011
342	8085
343	7575
344	7504
345	7375
346	6998
347	7033
348	6919
349	6542
350	6255
351	6126
352	6009
353	5799
354	5573
355	5322
356	5179
357	4996
358	4877
359	4712
360	4396
361	4445
362	4322
363	4026
364	3807
365	3827
366	3751
367	3475
368	3404
369	3347
370	3132
371	3213
372	3096
373	3030
374	2920
375	2899
376	2877
377	2951
378	2952
379	2619
380	2782
381	2810
382	2746
383	2825
384	2824
385	2832
386	2860
387	2617
388	2706
389	2704
390	2417
391	2375
392	2385
393	2696
394	2566
395	2410
396	2535
397	2553
398	2411
399	2426
400	2419
401	2313
402	2580
403	2609
404	2664
405	2699
406	2698
407	2632
408	2788
409	2806
410	2687
411	2894
412	2838
413	2929
414	3158
415	3156
416	3143
417	3273
418	3408
419	3326
420	3344
421	3429
422	3453
423	3404
424	3406
425	3573
426	3526
427	3540
428	3379
429	3373
430	3327
431	3580
432	3343
433	3313
434	3379
435	3326
436	3392
437	3381
438	3306
439	3355
440	3340
441	3347
442	3631
443	3387
444	3323
445	3348
446	3374
447	3344
448	3150
449	3310
450	3089
451	3215
452	3113
453	3062
454	2887
455	2837
456	2859
457	2733
458	2827
459	2775
460	2719
461	2784
462	2763
463	2643
464	2670
465	2743
466	2566
467	2510
468	2463
469	2506
470	2528
471	2308
472	2272
473	2225
474	2179
475	2021
476	2167
477	2235
478	2171
479	2072
480	1998
481	1946
482	1874
483	1889
484	1839
485	1756
486	1843
487	1723
488	1799
489	1746
490	1743
491	1699
492	1689
493	1730
494	1724
495	1701
496	1744
497	1672
498	1687
499	1523
500	1565
501	1676
502	1591
503	1631
504	1632
505	1620
506	1718
507	1714
508	1716
509	1781
510	1658
511	1611
512	1705
513	1869
514	1714
515	1689
516	1824
517	1700
518	1699
519	1673
520	1646
521	1617
522	1613
523	1766
524	1689
525	1734
526	1696
527	1728
528	1657
529	1713
530	1793
531	1678
532	1841
533	1665
534	1725
535	1743
536	1623
537	1671
538	1673
539	1597
540	1634
541	1593
542	1649
543	1584
544	1649
545	1640
546	1528
547	1547
548	1565
549	1510
550	1574
551	1545
552	1494
553	1582
554	1568
555	1601
556	1504
557	1460
558	1485
559	1549
560	1643
561	1578
562	1562
563	1528
564	1416
565	1445
566	1497
567	1426
568	1327
569	1367
570	1388
571	1361
572	1382
573	1371
574	1383
575	1276
576	1313
577	1248
578	1233
579	1136
580	1330
581	1317
582	1203
583	1282
584	1290
585	1230
586	1169
587	1216
588	1266
589	1341
590	1251
591	1237
592	1149
593	1119
594	1170
595	1079
596	1158
597	1114
598	1077
599	1023
600	912
601	917
602	996
603	1086
604	1117
605	1149
606	1035
607	1149
608	1039
609	1083
610	1176
611	1121
612	1043
613	1133
614	1134
615	1063
616	1113
617	1082
618	1191
619	1184
620	1163
621	1132
622	1145
623	1179
624	1095
625	1096
626	1103
627	1058
628	1073
629	1061
630	1163
631	1110
632	1037
633	1107
634	1084
635	1043
636	1082
637	1059
638	1070
639	1030
640	1043
641	1061
642	1041
643	1070
644	1081
645	1006
646	1004
647	978
648	954
649	966
650	930
651	941
652	973
653	999
654	955
655	960
656	1029
657	962
658	982
659	935
660	944
661	931
662	905
663	963
664	913
665	886
666	907
667	914
668	976
669	885
670	976
671	929
672	844
673	857
674	834
675	829
676	833
677	752
678	804
679	784
680	887
681	858
682	857
683	800
684	754
685	762
686	780
687	739
688	733
689	733
690	789
691	713
692	755
693	764
694	795
695	732
696	704
697	710
698	756
699	652
700	679
701	638
702	733
703	682
704	695
705	705
706	703
707	657
708	762
709	672
710	696
711	669
712	644
713	792
714	711
715	682
716	698
717	719
718	730
719	734
720	694
721	687
722	733
723	682
724	729
725	660
726	639
727	732
728	728
729	689
730	679
731	710
732	655
733	740
734	670
735	667
736	697
737	706
738	715
739	686
740	723
741	712
742	697
743	716
744	720
745	772
746	747
747	729
748	728
749	760
750	795
751	785
752	720
753	724
754	665
755	725
756	691
757	722
758	629
759	585
760	708
761	661
762	599
763	633
764	663
765	672
766	684
767	643
768	622
769	633
770	663
771	688
772	661
773	627
774	659
775	664
776	682
777	650
778	689
779	707
780	638
781	671
782	733
783	670
784	728
785	675
786	643
787	643
788	644
789	594
790	650
791	619
792	623
793	653
794	656
795	630
796	593
797	651
798	596
799	571
800	549
801	536
802	642
803	576
804	531
805	516
806	605
807	522
808	538
809	630
810	586
811	579
812	570
813	581
814	531
815	490
816	533
817	508
818	518
819	498
820	482
821	484
822	511
823	462
824	494
825	483
826	488
827	521
828	529
829	505
830	483
831	514
832	510
833	542
834	586
835	551
836	550
837	571
838	528
839	542
840	465
841	510
842	505
843	497
844	557
845	527
846	476
847	506
848	505
849	508
850	538
851	525
852	554
853	558
854	580
855	552
856	589
857	521
858	482
859	519
860	509
861	498
862	501
863	477
864	480
865	548
866	465
867	521
868	485
869	465
870	512
871	501
872	487
873	474
874	494
875	492
876	489
877	468
878	526
879	517
880	439
881	470
882	476
883	455
884	436
885	466
886	419
887	460
888	455
889	418
890	374
891	445
892	416
893	443
894	394
895	420
896	460
897	441
898	470
899	457
900	449
901	428
902	429
903	411
904	386
905	418
906	394
907	403
908	409
909	427
910	376
911	375
912	390
913	406
914	411
915	451
916	401
917	398
918	443
919	415
920	431
921	441
922	399
923	380
924	405
925	390
926	358
927	348
928	371
929	368
930	431
931	369
932	351
933	387
934	429
935	417
936	382
937	435
938	390
939	376
940	382
941	338
942	392
943	378
944	400
945	394
946	425
947	481
948	440
949	442
950	437
951	423
952	437
953	468
954	424
955	371
956	422
957	378
958	412
959	449
960	430
961	428
962	456
963	457
964	429
965	472
966	467
967	529
968	454
969	429
970	447
971	453
972	448
973	457
974	487
975	434
976	453
977	512
978	456
979	463
980	441
981	426
982	452
983	478
984	426
985	445
986	410
987	435
988	439
989	420
990	430
991	446
992	380
993	329
994	365
995	327
996	347
997	394
998	396
999	382
1000	2769775
