1	1335550374
2	132114557
3	38726224
4	17083339
5	9177735
6	5524083
7	3591102
8	2453471
9	1770641
10	1311937
11	1019629
12	819994
13	677424
14	572805
15	499210
16	442820
17	405920
18	370840
19	357741
20	346243
21	351359
22	354071
23	368793
24	393431
25	431059
26	477429
27	531308
28	605151
29	687957
30	788105
31	895493
32	994249
33	1119995
34	1262885
35	1399565
36	1564528
37	1739566
38	1915460
39	2114357
40	2319982
41	2552537
42	2813777
43	3108041
44	3444755
45	3847259
46	4272381
47	4738967
48	5298954
49	5920275
50	6610107
51	7369565
52	8208896
53	9140741
54	10114918
55	11110546
56	12161424
57	13268451
58	14337303
59	15383456
60	16357746
61	17255330
62	18057604
63	18666205
64	19102326
65	19382409
66	19540424
67	19429628
68	19153640
69	18660323
70	18009707
71	17200907
72	16306513
73	15293783
74	14204432
75	13075146
76	11899371
77	10719251
78	9549113
79	8436872
80	7357243
81	6397099
82	5512562
83	4711831
84	3997995
85	3353657
86	2794296
87	2312225
88	1912756
89	1563475
90	1279225
91	1043111
92	866261
93	709996
94	588780
95	497821
96	426572
97	381946
98	353934
99	337375
100	329237
101	331808
102	343210
103	356451
104	371422
105	390715
106	411785
107	434842
108	460691
109	487645
110	520392
111	551584
112	586062
113	618737
114	654174
115	688094
116	723138
117	758831
118	793483
119	830702
120	864101
121	902345
122	933669
123	966576
124	996258
125	1021707
126	1046327
127	1069029
128	1088978
129	1101132
130	1106599
131	1112083
132	1111902
133	1107819
134	1104932
135	1098512
136	1085263
137	1066024
138	1040435
139	1013772
140	984817
141	952278
142	917062
143	875262
144	839884
145	801341
146	763548
147	720510
148	680094
149	641305
150	595343
151	557106
152	515106
153	479968
154	440821
155	403074
156	371044
157	338786
158	314262
159	289377
160	262807
161	244183
162	225793
163	208590
164	194582
165	181487
166	169567
167	159366
168	151159
169	144290
170	138394
171	134187
172	131656
173	131012
174	129518
175	130504
176	132240
177	133632
178	134804
179	138373
180	140859
181	142878
182	144773
183	146617
184	149722
185	153436
186	155972
187	157922
188	158449
189	160783
190	162198
191	163109
192	164324
193	166718
194	167854
195	166984
196	165422
197	164535
198	163180
199	161790
200	160090
201	159042
202	155076
203	153156
204	150986
205	148375
206	144794
207	140852
208	137946
209	133744
210	130929
211	126258
212	121370
213	118243
214	113360
215	110853
216	107033
217	102318
218	98780
219	94650
220	90490
221	86047
222	82237
223	79854
224	76665
225	74766
226	72200
227	69583
228	68113
229	66691
230	65266
231	65388
232	63997
233	62883
234	62375
235	61845
236	61862
237	61859
238	61378
239	61411
240	61534
241	62394
242	62535
243	63102
244	63701
245	63837
246	64650
247	65071
248	65237
249	65744
250	67661
251	67453
252	68409
253	68368
254	69090
255	69723
256	70073
257	70271
258	70792
259	70103
260	70175
261	70402
262	70069
263	69096
264	70170
265	69383
266	68625
267	67266
268	66760
269	66140
270	64735
271	63975
272	63072
273	61343
274	60049
275	58692
276	58666
277	57614
278	56725
279	55399
280	54253
281	53461
282	53356
283	50643
284	49956
285	48600
286	47424
287	45895
288	44278
289	44463
290	42526
291	42336
292	41343
293	40754
294	40277
295	38974
296	38984
297	38619
298	38401
299	38170
300	36562
301	37249
302	37230
303	37174
304	36888
305	37049
306	36677
307	36409
308	36727
309	36484
310	36202
311	36204
312	35714
313	35607
314	35866
315	35464
316	36635
317	36119
318	36010
319	36558
320	36526
321	36159
322	36052
323	36098
324	36005
325	35301
326	35035
327	35410
328	35237
329	34780
330	34513
331	34759
332	34252
333	33978
334	34195
335	33844
336	33304
337	33247
338	32984
339	32063
340	31245
341	30921
342	31079
343	30961
344	30467
345	30447
346	29709
347	29188
348	29034
349	28347
350	27816
351	27507
352	27476
353	27285
354	26673
355	26466
356	26087
357	26488
358	26029
359	25762
360	24965
361	25158
362	25497
363	24504
364	25115
365	24983
366	24830
367	24477
368	24094
369	23946
370	23422
371	22800
372	22804
373	23045
374	23309
375	23321
376	23316
377	23048
378	23093
379	22930
380	22876
381	23066
382	22278
383	22310
384	22446
385	22424
386	22007
387	22256
388	22269
389	22322
390	22294
391	22046
392	22101
393	21996
394	21767
395	21858
396	21777
397	22094
398	21442
399	21036
400	21681
401	21375
402	21716
403	20897
404	20418
405	20487
406	20250
407	20605
408	20445
409	20259
410	20295
411	20141
412	19756
413	19848
414	19877
415	19938
416	20012
417	19233
418	19417
419	19269
420	18918
421	18736
422	18389
423	18299
424	18207
425	18101
426	17998
427	17978
428	17621
429	17861
430	17654
431	18175
432	17853
433	17965
434	17617
435	17498
436	17254
437	17429
438	17536
439	17473
440	16897
441	16851
442	17147
443	16523
444	16959
445	16621
446	16554
447	16287
448	16152
449	16129
450	15436
451	15542
452	15483
453	15107
454	15311
455	15390
456	15349
457	15112
458	15103
459	14682
460	14692
461	14405
462	14410
463	14159
464	14106
465	14311
466	14023
467	14056
468	14133
469	14160
470	13731
471	13305
472	13913
473	13960
474	13764
475	13524
476	13470
477	13791
478	13465
479	13600
480	13415
481	13352
482	13402
483	13440
484	13124
485	13372
486	13630
487	13593
488	13327
489	13211
490	13008
491	12930
492	12912
493	12942
494	12838
495	13010
496	12920
497	12900
498	12750
499	12479
500	12621
501	12758
502	12646
503	12664
504	12423
505	12242
506	12417
507	12412
508	12286
509	11884
510	11766
511	11848
512	11629
513	11743
514	11547
515	11457
516	11611
517	11280
518	11384
519	11585
520	11334
521	11250
522	11626
523	11120
524	11024
525	11281
526	11241
527	11151
528	11108
529	11142
530	11340
531	11345
532	11141
533	11093
534	11387
535	11316
536	11426
537	11391
538	11276
539	10940
540	10876
541	11061
542	11065
543	11144
544	10722
545	11035
546	10775
547	10483
548	10295
549	10568
550	10460
551	10342
552	10404
553	10497
554	10423
555	10232
556	9978
557	9980
558	9875
559	9883
560	9763
561	9942
562	9732
563	9493
564	9432
565	9573
566	9274
567	9141
568	9039
569	9018
570	9121
571	9142
572	8908
573	8930
574	8979
575	8704
576	8866
577	8975
578	9024
579	8948
580	8714
581	8552
582	8433
583	8391
584	8556
585	8366
586	8539
587	8303
588	8453
589	8376
590	8211
591	8125
592	7993
593	8024
594	8060
595	8027
596	8021
597	7880
598	7785
599	7854
600	7796
601	7920
602	7716
603	7976
604	7586
605	7779
606	7751
607	7663
608	7712
609	7793
610	7635
611	7568
612	7569
613	7334
614	7468
615	7425
616	7468
617	7264
618	7173
619	7073
620	7406
621	7300
622	7415
623	7276
624	7306
625	7058
626	7304
627	7428
628	7257
629	7219
630	7020
631	7271
632	7226
633	7199
634	6931
635	6851
636	6929
637	6994
638	6876
639	6820
640	6907
641	6733
642	6739
643	6806
644	6687
645	6658
646	6784
647	6798
648	6864
649	6695
650	6684
651	6581
652	6711
653	6528
654	6702
655	6532
656	6396
657	6494
658	6406
659	6204
660	6308
661	6437
662	6366
663	6270
664	6267
665	6193
666	6163
667	6279
668	6232
669	6308
670	6490
671	6499
672	6396
673	6233
674	6195
675	6321
676	6219
677	6262
678	6097
679	6272
680	6261
681	6276
682	6147
683	6172
684	6141
685	6367
686	6092
687	6145
688	6054
689	5849
690	6201
691	6151
692	6015
693	6107
694	6153
695	5946
696	6087
697	6073
698	5800
699	6018
700	5928
701	6053
702	5841
703	5806
704	5914
705	5788
706	5843
707	5983
708	5884
709	5815
710	5923
711	5871
712	5840
713	6022
714	5803
715	5935
716	5731
717	5840
718	5797
719	5610
720	5634
721	5562
722	5503
723	5503
724	5616
725	5751
726	5577
727	5588
728	5755
729	5543
730	5518
731	5653
732	5336
733	5356
734	5551
735	5357
736	5280
737	5149
738	5145
739	5171
740	5039
741	4902
742	5115
743	4965
744	4968
745	4941
746	4826
747	4938
748	4846
749	4705
750	4984
751	4743
752	4850
753	4842
754	4757
755	4799
756	4666
757	4648
758	4685
759	4670
760	4563
761	4760
762	4577
763	4569
764	4604
765	4604
766	4348
767	4504
768	4563
769	4387
770	4520
771	4575
772	4455
773	4543
774	4541
775	4479
776	4381
777	4478
778	4367
779	4198
780	4469
781	4459
782	4292
783	4339
784	4382
785	4404
786	4197
787	4372
788	4273
789	4405
790	4331
791	4292
792	4391
793	4435
794	4302
795	4125
796	4252
797	4361
798	4217
799	4172
800	4220
801	4207
802	4065
803	4143
804	4190
805	4213
806	4175
807	4157
808	4218
809	4137
810	4166
811	4155
812	4194
813	4123
814	4056
815	4065
816	3945
817	3998
818	3905
819	4047
820	3954
821	4082
822	4041
823	3805
824	3825
825	3915
826	3895
827	3847
828	4043
829	4020
830	3828
831	3846
832	3817
833	3788
834	3690
835	3640
836	3787
837	3704
838	3862
839	3768
840	3784
841	3759
842	3742
843	3728
844	3761
845	3733
846	3620
847	3664
848	3717
849	3877
850	3731
851	3609
852	3550
853	3673
854	3625
855	3691
856	3681
857	3653
858	3625
859	3677
860	3591
861	3570
862	3497
863	3487
864	3654
865	3484
866	3607
867	3417
868	3537
869	3522
870	3673
871	3637
872	3439
873	3439
874	3483
875	3371
876	3442
877	3443
878	3403
879	3339
880	3338
881	3277
882	3364
883	3376
884	3373
885	3449
886	3325
887	3441
888	3340
889	3437
890	3433
891	3344
892	3476
893	3423
894	3329
895	3429
896	3341
897	3337
898	3356
899	3325
900	3208
901	3263
902	3253
903	3293
904	3293
905	3413
906	3284
907	3225
908	3194
909	3211
910	3076
911	3223
912	3189
913	3192
914	3271
915	3088
916	3036
917	3088
918	3047
919	3170
920	3098
921	3110
922	3086
923	3123
924	3159
925	3092
926	3191
927	3091
928	3021
929	2920
930	3095
931	3050
932	3118
933	2996
934	2937
935	3109
936	2944
937	3009
938	3043
939	3155
940	2973
941	3041
942	2973
943	2956
944	3129
945	3001
946	2900
947	2931
948	2939
949	2900
950	2894
951	2868
952	2856
953	2987
954	3021
955	2942
956	2824
957	2839
958	2888
959	2898
960	2918
961	2852
962	2840
963	2824
964	2950
965	2892
966	2830
967	2890
968	2892
969	2842
970	2899
971	2979
972	2782
973	2832
974	2851
975	2775
976	2792
977	2874
978	2887
979	2735
980	2782
981	2800
982	2822
983	2940
984	2798
985	2955
986	2879
987	2785
988	2767
989	2815
990	2708
991	2783
992	2778
993	2720
994	2718
995	2793
996	2791
997	2712
998	2797
999	2795
1000	15524567
