1	705225454
2	84593050
3	28330998
4	14113863
5	9138611
6	7124901
7	6267975
8	5960628
9	5890086
10	6014075
11	6182420
12	6440080
13	6767459
14	7171023
15	7642820
16	8188635
17	8707997
18	9266066
19	9787101
20	10247363
21	10663762
22	11008286
23	11201703
24	11146520
25	10932515
26	10603601
27	10093546
28	9498500
29	8830494
30	8180297
31	7567062
32	7002547
33	6509786
34	6105394
35	5811473
36	5603087
37	5485255
38	5448177
39	5496762
40	5625765
41	5785484
42	6004505
43	6252256
44	6490269
45	6716054
46	6906704
47	7066878
48	7175632
49	7231203
50	7223442
51	7138070
52	6970354
53	6758747
54	6481942
55	6187301
56	5833529
57	5430233
58	4997370
59	4577362
60	4127946
61	3689881
62	3274484
63	2893967
64	2505692
65	2148106
66	1834752
67	1563428
68	1329248
69	1121612
70	948866
71	801699
72	683816
73	581538
74	504936
75	441444
76	389862
77	354350
78	323395
79	304002
80	284816
81	274115
82	263350
83	252808
84	244197
85	235057
86	226655
87	217972
88	212371
89	207357
90	201866
91	199332
92	195692
93	194519
94	193285
95	187003
96	185027
97	182122
98	179781
99	176321
100	176621
101	174583
102	173126
103	171105
104	167758
105	165040
106	162122
107	160433
108	156062
109	153818
110	150982
111	147991
112	145720
113	142944
114	141018
115	136866
116	132889
117	127317
118	122539
119	121294
120	115451
121	109915
122	106032
123	103965
124	101126
125	99176
126	96421
127	93475
128	92256
129	89979
130	87781
131	85428
132	83756
133	82031
134	81342
135	77661
136	76986
137	75332
138	73377
139	72254
140	72435
141	72175
142	70561
143	69904
144	68084
145	67289
146	65721
147	65405
148	63413
149	62671
150	62063
151	62234
152	62005
153	61179
154	60311
155	60439
156	58652
157	56903
158	56599
159	55761
160	54262
161	53795
162	52403
163	50577
164	50139
165	49841
166	49087
167	49014
168	48318
169	47450
170	46361
171	45892
172	44912
173	44434
174	43881
175	42876
176	42166
177	41502
178	40447
179	40393
180	39528
181	39364
182	38343
183	38335
184	36972
185	36731
186	36920
187	36919
188	36196
189	35538
190	34974
191	34883
192	34573
193	33514
194	33232
195	32668
196	32053
197	31833
198	31682
199	31266
200	30669
201	30447
202	30973
203	30399
204	30598
205	30182
206	29468
207	28764
208	28379
209	28657
210	28317
211	27568
212	27775
213	27295
214	27537
215	26934
216	26594
217	26507
218	25757
219	25164
220	25039
221	24849
222	25020
223	24560
224	24233
225	24078
226	23412
227	23270
228	23235
229	23333
230	23002
231	22432
232	22337
233	21801
234	22567
235	22001
236	22062
237	21811
238	21371
239	21190
240	20932
241	21102
242	21326
243	20742
244	20445
245	20406
246	19722
247	20435
248	20366
249	19952
250	19063
251	19125
252	19268
253	18816
254	18585
255	18147
256	18001
257	17937
258	17699
259	17614
260	17176
261	17519
262	17429
263	17271
264	17219
265	17117
266	16349
267	16530
268	16426
269	15935
270	16151
271	15886
272	16162
273	15753
274	15616
275	15247
276	15147
277	15376
278	15049
279	14891
280	14832
281	14168
282	13944
283	14471
284	14227
285	14053
286	14145
287	14213
288	13652
289	13752
290	13391
291	13491
292	13224
293	13312
294	13186
295	13299
296	12654
297	12970
298	12628
299	12560
300	12537
301	11926
302	11585
303	12155
304	12119
305	12169
306	11901
307	11983
308	11887
309	11618
310	11651
311	11844
312	11455
313	11098
314	11330
315	11111
316	11292
317	11150
318	11554
319	11429
320	11385
321	11041
322	10880
323	10861
324	10946
325	10860
326	10790
327	10965
328	10740
329	10806
330	10481
331	10218
332	10199
333	10377
334	10338
335	10191
336	10073
337	9761
338	9865
339	9958
340	9806
341	9814
342	9836
343	9918
344	9811
345	9601
346	9940
347	9804
348	9670
349	9344
350	9015
351	9326
352	9416
353	9235
354	8888
355	9081
356	8842
357	8786
358	8492
359	8858
360	8554
361	8540
362	8444
363	8208
364	8351
365	8252
366	8338
367	8442
368	8450
369	8368
370	8118
371	8208
372	7895
373	7913
374	7991
375	8167
376	7907
377	7992
378	7952
379	7869
380	7778
381	7931
382	7652
383	7642
384	7876
385	7551
386	7113
387	7409
388	7263
389	7556
390	7504
391	7354
392	7250
393	7667
394	7174
395	7332
396	7019
397	6974
398	6938
399	6886
400	6808
401	6761
402	6717
403	6755
404	6696
405	6314
406	6576
407	6825
408	6755
409	6694
410	6522
411	6487
412	6735
413	6620
414	6295
415	6479
416	6420
417	6281
418	6458
419	6514
420	6423
421	6402
422	6346
423	6326
424	6162
425	6089
426	6232
427	6070
428	6178
429	5969
430	6120
431	6084
432	6043
433	6083
434	5904
435	5861
436	5933
437	5849
438	5891
439	5683
440	5959
441	5708
442	5645
443	5761
444	5686
445	5550
446	5518
447	5581
448	5477
449	5468
450	5502
451	5466
452	5489
453	5215
454	5269
455	5448
456	5369
457	5218
458	5121
459	5102
460	5170
461	5113
462	5231
463	5421
464	5017
465	5215
466	5004
467	5041
468	4909
469	4872
470	4887
471	4950
472	5098
473	5097
474	5048
475	4980
476	4802
477	4836
478	4999
479	4889
480	4794
481	4844
482	4752
483	4625
484	4779
485	4831
486	5015
487	4572
488	4823
489	4847
490	4760
491	4662
492	4727
493	4582
494	4598
495	4628
496	4518
497	4619
498	4592
499	4412
500	4441
501	4475
502	4611
503	4419
504	4571
505	4430
506	4444
507	4510
508	4211
509	4383
510	4418
511	4396
512	4352
513	4386
514	4306
515	4431
516	4329
517	4290
518	4354
519	4187
520	4177
521	4229
522	4130
523	4282
524	4005
525	4040
526	4085
527	4119
528	4100
529	4064
530	4155
531	4084
532	4282
533	4169
534	4181
535	4164
536	4058
537	4124
538	3981
539	3953
540	4027
541	3870
542	3931
543	3928
544	3923
545	3906
546	3746
547	3802
548	3751
549	3645
550	3829
551	3773
552	3749
553	3666
554	3850
555	3649
556	3677
557	3685
558	3545
559	3522
560	3409
561	3543
562	3450
563	3525
564	3558
565	3585
566	3597
567	3730
568	3625
569	3821
570	3500
571	3581
572	3641
573	3439
574	3512
575	3618
576	3561
577	3679
578	3509
579	3439
580	3353
581	3451
582	3393
583	3480
584	3406
585	3531
586	3409
587	3615
588	3497
589	3478
590	3303
591	3369
592	3386
593	3237
594	3325
595	3352
596	3235
597	3340
598	3398
599	3257
600	3270
601	3242
602	3155
603	3093
604	3189
605	3185
606	3187
607	3139
608	2939
609	3089
610	2992
611	2961
612	2984
613	2847
614	2972
615	3025
616	2956
617	3031
618	3043
619	3179
620	3091
621	3009
622	3060
623	2988
624	2896
625	2846
626	2784
627	2982
628	2818
629	2971
630	2922
631	2833
632	2903
633	2891
634	2949
635	2784
636	2879
637	2769
638	2766
639	2776
640	2872
641	2799
642	2785
643	2707
644	2806
645	2724
646	2768
647	2610
648	2732
649	2567
650	2645
651	2693
652	2592
653	2573
654	2417
655	2672
656	2613
657	2651
658	2474
659	2524
660	2416
661	2440
662	2448
663	2515
664	2454
665	2463
666	2501
667	2482
668	2431
669	2439
670	2433
671	2421
672	2493
673	2503
674	2405
675	2289
676	2396
677	2352
678	2379
679	2334
680	2256
681	2408
682	2326
683	2338
684	2366
685	2350
686	2338
687	2322
688	2281
689	2219
690	2276
691	2298
692	2330
693	2266
694	2303
695	2287
696	2256
697	2130
698	2170
699	2238
700	2290
701	2278
702	2247
703	2300
704	2281
705	2259
706	2287
707	2239
708	2308
709	2202
710	2199
711	2205
712	2259
713	2170
714	2098
715	2120
716	2138
717	2137
718	2123
719	2200
720	2132
721	2166
722	2139
723	2090
724	2094
725	2123
726	2084
727	2001
728	2071
729	2103
730	2057
731	2117
732	2066
733	2121
734	2054
735	1988
736	2072
737	2027
738	1933
739	2095
740	2022
741	2021
742	1969
743	1927
744	1993
745	1868
746	1866
747	1888
748	1907
749	1971
750	1878
751	1821
752	1858
753	1987
754	1975
755	1966
756	2064
757	2003
758	2031
759	1886
760	1913
761	1973
762	1936
763	1960
764	1947
765	1851
766	1848
767	1855
768	1887
769	1809
770	1922
771	1954
772	1884
773	1878
774	1763
775	1744
776	1800
777	1792
778	1801
779	1780
780	1791
781	1754
782	1855
783	1899
784	1819
785	1794
786	1852
787	1793
788	1817
789	1767
790	1763
791	1877
792	1843
793	1632
794	1758
795	1760
796	1766
797	1783
798	1642
799	1699
800	1776
801	1702
802	1730
803	1649
804	1746
805	1719
806	1635
807	1663
808	1645
809	1639
810	1677
811	1689
812	1766
813	1581
814	1635
815	1639
816	1726
817	1741
818	1704
819	1670
820	1602
821	1635
822	1591
823	1554
824	1638
825	1513
826	1566
827	1606
828	1648
829	1592
830	1516
831	1537
832	1541
833	1528
834	1507
835	1527
836	1586
837	1695
838	1499
839	1582
840	1598
841	1606
842	1562
843	1542
844	1549
845	1569
846	1620
847	1485
848	1543
849	1561
850	1498
851	1538
852	1454
853	1498
854	1558
855	1510
856	1448
857	1553
858	1501
859	1493
860	1409
861	1526
862	1426
863	1511
864	1412
865	1490
866	1467
867	1413
868	1514
869	1464
870	1457
871	1457
872	1352
873	1528
874	1437
875	1527
876	1502
877	1516
878	1503
879	1415
880	1539
881	1502
882	1344
883	1449
884	1423
885	1379
886	1411
887	1354
888	1389
889	1374
890	1402
891	1407
892	1405
893	1432
894	1397
895	1391
896	1471
897	1359
898	1406
899	1462
900	1373
901	1436
902	1328
903	1430
904	1454
905	1450
906	1356
907	1365
908	1382
909	1323
910	1348
911	1379
912	1400
913	1388
914	1296
915	1320
916	1358
917	1299
918	1381
919	1304
920	1400
921	1280
922	1298
923	1217
924	1271
925	1314
926	1257
927	1238
928	1285
929	1237
930	1261
931	1253
932	1301
933	1325
934	1350
935	1302
936	1274
937	1309
938	1287
939	1333
940	1370
941	1385
942	1227
943	1306
944	1267
945	1245
946	1234
947	1270
948	1279
949	1458
950	1309
951	1318
952	1335
953	1313
954	1247
955	1199
956	1325
957	1244
958	1212
959	1233
960	1351
961	1258
962	1330
963	1253
964	1222
965	1221
966	1271
967	1145
968	1165
969	1215
970	1143
971	1227
972	1149
973	1206
974	1116
975	1206
976	1163
977	1242
978	1227
979	1194
980	1137
981	1135
982	1093
983	1060
984	1145
985	1083
986	1058
987	1075
988	1044
989	1124
990	1142
991	1136
992	1055
993	1151
994	1166
995	1057
996	1129
997	1172
998	1145
999	1200
1000	4007398
