1	574303277
2	71992293
3	22646081
4	10222070
5	5635575
6	3531550
7	2412813
8	1748375
9	1312417
10	1020436
11	803142
12	643981
13	525170
14	435982
15	369803
16	310115
17	268201
18	235582
19	210266
20	187874
21	169086
22	154144
23	137963
24	127457
25	118568
26	109411
27	101353
28	95120
29	89928
30	82953
31	77797
32	70235
33	66850
34	64167
35	58529
36	58363
37	55955
38	53877
39	50861
40	49950
41	49101
42	48151
43	48014
44	49767
45	48245
46	49428
47	49740
48	51631
49	55265
50	56943
51	59822
52	63284
53	65438
54	69602
55	73560
56	79320
57	84260
58	92580
59	102003
60	111168
61	122338
62	134731
63	147057
64	158405
65	172330
66	186775
67	203398
68	223569
69	242635
70	264248
71	282448
72	302312
73	331268
74	360904
75	387601
76	420207
77	448741
78	481427
79	508422
80	545975
81	603034
82	655163
83	713307
84	775552
85	832254
86	894149
87	957198
88	1023494
89	1107272
90	1184244
91	1276436
92	1364542
93	1457908
94	1547791
95	1660594
96	1764988
97	1890779
98	1998495
99	2131848
100	2258140
101	2378555
102	2503515
103	2612358
104	2719823
105	2824139
106	2923412
107	3022060
108	3134416
109	3206084
110	3295514
111	3342709
112	3407323
113	3463059
114	3494126
115	3522561
116	3529917
117	3530271
118	3556343
119	3527487
120	3512785
121	3503712
122	3470438
123	3427172
124	3367276
125	3307887
126	3217457
127	3123939
128	3030549
129	2928843
130	2818112
131	2705003
132	2588659
133	2463691
134	2356365
135	2238336
136	2126591
137	2007976
138	1893869
139	1778945
140	1670711
141	1560235
142	1456282
143	1363421
144	1275380
145	1187217
146	1096992
147	1019868
148	940689
149	875307
150	804813
151	734169
152	670376
153	607709
154	549230
155	496467
156	453941
157	414245
158	375036
159	333779
160	299520
161	275203
162	253086
163	231915
164	213711
165	197486
166	182885
167	168223
168	156319
169	145324
170	136345
171	131295
172	126158
173	122012
174	118357
175	117212
176	115136
177	115857
178	118451
179	120450
180	121771
181	124961
182	126664
183	129978
184	132895
185	139077
186	144002
187	150458
188	156496
189	160518
190	168924
191	175859
192	185261
193	190722
194	197733
195	206383
196	218369
197	226514
198	237668
199	250203
200	259030
201	270551
202	280971
203	291660
204	302845
205	314043
206	326709
207	338434
208	347673
209	355289
210	367901
211	374093
212	381749
213	391687
214	398053
215	405150
216	414837
217	420870
218	424774
219	433519
220	436724
221	441127
222	442121
223	446561
224	449007
225	450555
226	454570
227	459995
228	466319
229	464346
230	466263
231	466507
232	467942
233	465908
234	466428
235	464425
236	460190
237	456495
238	453904
239	448808
240	444890
241	441709
242	435940
243	428856
244	418117
245	410986
246	403399
247	395350
248	388463
249	378307
250	373565
251	366845
252	357811
253	347232
254	340292
255	332921
256	321716
257	313306
258	306928
259	297658
260	291684
261	283956
262	275839
263	263753
264	258040
265	248395
266	241321
267	233294
268	223134
269	217647
270	207365
271	200493
272	191919
273	183122
274	177664
275	169281
276	163194
277	154855
278	147607
279	140800
280	135066
281	128243
282	123274
283	116468
284	110322
285	104851
286	101299
287	96510
288	92012
289	88059
290	84425
291	81271
292	77143
293	73560
294	68800
295	65550
296	61627
297	58442
298	55409
299	53374
300	49767
301	46861
302	44494
303	42569
304	40631
305	39801
306	37634
307	36193
308	34752
309	33494
310	31615
311	30744
312	29321
313	28066
314	26731
315	25856
316	25449
317	24449
318	23079
319	23606
320	22477
321	22317
322	21780
323	21276
324	21102
325	20446
326	20244
327	20202
328	20253
329	20254
330	20008
331	19958
332	20088
333	19989
334	19546
335	19825
336	19692
337	18933
338	19300
339	19432
340	19170
341	19114
342	19094
343	19028
344	19312
345	19454
346	19273
347	19362
348	19710
349	19926
350	19245
351	19099
352	19122
353	19166
354	19131
355	18901
356	19064
357	18967
358	18845
359	18868
360	18689
361	18520
362	18351
363	17943
364	17826
365	18093
366	18087
367	17920
368	17656
369	17201
370	17313
371	17295
372	17506
373	17215
374	17330
375	17627
376	17491
377	17202
378	16648
379	16746
380	16170
381	16149
382	16390
383	16657
384	16493
385	16141
386	15720
387	15302
388	14900
389	14752
390	14389
391	14362
392	13976
393	13708
394	13870
395	13598
396	13622
397	13400
398	12682
399	13032
400	12900
401	12965
402	12561
403	12322
404	12190
405	11901
406	11620
407	11355
408	11205
409	11229
410	10927
411	11008
412	11039
413	10707
414	10469
415	10391
416	10648
417	10281
418	10298
419	10542
420	10147
421	10173
422	10040
423	10296
424	10240
425	10274
426	10065
427	10069
428	9825
429	9633
430	9206
431	9266
432	9298
433	9312
434	9351
435	9333
436	9213
437	8980
438	8565
439	9029
440	8955
441	9145
442	9308
443	8810
444	9013
445	8954
446	8717
447	8681
448	8587
449	8754
450	8622
451	8611
452	8173
453	8074
454	8039
455	8193
456	8273
457	8172
458	8368
459	8652
460	8426
461	8288
462	8394
463	8202
464	8225
465	7906
466	7917
467	8215
468	7995
469	7805
470	7732
471	7638
472	7511
473	7441
474	7205
475	7216
476	7154
477	7158
478	7324
479	7207
480	7141
481	7066
482	6919
483	6903
484	7250
485	7007
486	7155
487	6963
488	6878
489	6897
490	6690
491	6885
492	6908
493	6772
494	6605
495	6300
496	6386
497	6585
498	6559
499	6457
500	6532
501	6503
502	6428
503	6765
504	6593
505	6683
506	6599
507	6552
508	6854
509	6627
510	6620
511	6706
512	6523
513	6475
514	6738
515	6491
516	6532
517	6481
518	6107
519	6400
520	6109
521	6245
522	6060
523	6000
524	6138
525	5988
526	5852
527	5586
528	5620
529	5521
530	5824
531	5837
532	5629
533	5793
534	5776
535	5261
536	5567
537	5272
538	5254
539	5313
540	4947
541	4856
542	4636
543	4878
544	4595
545	4681
546	4500
547	4629
548	4469
549	4396
550	4642
551	4688
552	4756
553	4674
554	4486
555	4773
556	4596
557	4543
558	4389
559	4651
560	4368
561	4288
562	4501
563	4247
564	4396
565	4274
566	4199
567	4347
568	4174
569	3946
570	3926
571	3894
572	3748
573	3702
574	4008
575	3972
576	3950
577	3673
578	3836
579	3944
580	3832
581	3764
582	3635
583	3717
584	3681
585	3633
586	3638
587	3616
588	3733
589	3730
590	3549
591	3406
592	3436
593	3554
594	3598
595	3514
596	3311
597	3599
598	3583
599	3627
600	3556
601	3386
602	3584
603	3620
604	3671
605	3688
606	3497
607	3606
608	3415
609	3593
610	3854
611	3664
612	3834
613	3813
614	3678
615	3798
616	3604
617	3718
618	3654
619	3768
620	3771
621	3663
622	3796
623	3618
624	3721
625	3723
626	3638
627	3742
628	3710
629	3648
630	3828
631	3760
632	3578
633	3519
634	3538
635	3351
636	3456
637	3429
638	3242
639	3373
640	3308
641	3325
642	3167
643	3144
644	3068
645	3186
646	2897
647	2960
648	2918
649	2809
650	2976
651	2956
652	2925
653	2852
654	2795
655	2971
656	3019
657	2949
658	2852
659	2843
660	2998
661	2912
662	2928
663	2764
664	2855
665	2963
666	2824
667	2816
668	3031
669	2941
670	2970
671	2764
672	2762
673	2812
674	2794
675	2840
676	2817
677	2743
678	2764
679	2706
680	2582
681	2706
682	2667
683	2669
684	2804
685	2775
686	2644
687	2637
688	2736
689	2628
690	2634
691	2773
692	2825
693	2732
694	2798
695	2810
696	2718
697	2789
698	2630
699	2634
700	2595
701	2570
702	2642
703	2585
704	2455
705	2593
706	2476
707	2622
708	2479
709	2500
710	2468
711	2413
712	2522
713	2490
714	2556
715	2506
716	2618
717	2526
718	2563
719	2430
720	2354
721	2467
722	2541
723	2532
724	2606
725	2602
726	2606
727	2605
728	2550
729	2460
730	2467
731	2416
732	2403
733	2439
734	2551
735	2402
736	2389
737	2368
738	2378
739	2270
740	2307
741	2395
742	2448
743	2439
744	2427
745	2424
746	2210
747	2235
748	2131
749	2153
750	2205
751	2297
752	2397
753	2241
754	2246
755	2122
756	2169
757	2136
758	2285
759	2123
760	2181
761	2230
762	2150
763	2076
764	2130
765	2051
766	2079
767	2083
768	2114
769	2142
770	2150
771	2147
772	2061
773	2121
774	2044
775	1921
776	1987
777	1981
778	2027
779	1910
780	2080
781	2041
782	1983
783	2039
784	1962
785	1899
786	1924
787	1991
788	1920
789	1912
790	1883
791	1827
792	1829
793	1883
794	1975
795	1918
796	1983
797	1896
798	2004
799	1980
800	1962
801	1944
802	1995
803	1916
804	1978
805	1918
806	1896
807	1862
808	1950
809	2021
810	1938
811	1825
812	1852
813	2012
814	1869
815	1742
816	1720
817	1745
818	1729
819	1713
820	1758
821	1736
822	1743
823	1545
824	1494
825	1466
826	1604
827	1630
828	1625
829	1611
830	1590
831	1616
832	1549
833	1514
834	1551
835	1612
836	1593
837	1603
838	1639
839	1566
840	1604
841	1598
842	1545
843	1570
844	1520
845	1616
846	1598
847	1574
848	1630
849	1590
850	1566
851	1583
852	1607
853	1533
854	1465
855	1567
856	1602
857	1653
858	1556
859	1591
860	1587
861	1625
862	1622
863	1625
864	1566
865	1553
866	1583
867	1579
868	1560
869	1659
870	1672
871	1673
872	1710
873	1848
874	1919
875	1707
876	1558
877	1536
878	1660
879	1685
880	1795
881	1708
882	1714
883	1590
884	1534
885	1573
886	1548
887	1565
888	1524
889	1444
890	1325
891	1359
892	1364
893	1382
894	1414
895	1472
896	1351
897	1364
898	1403
899	1453
900	1401
901	1413
902	1407
903	1352
904	1350
905	1357
906	1386
907	1399
908	1383
909	1428
910	1390
911	1361
912	1338
913	1290
914	1290
915	1215
916	1252
917	1195
918	1278
919	1245
920	1221
921	1340
922	1301
923	1219
924	1199
925	1157
926	1247
927	1245
928	1263
929	1313
930	1321
931	1389
932	1329
933	1320
934	1259
935	1253
936	1188
937	1301
938	1201
939	1210
940	1255
941	1245
942	1191
943	1178
944	1149
945	1118
946	1059
947	1103
948	1188
949	1097
950	1163
951	1144
952	1129
953	1125
954	1153
955	1109
956	1066
957	1086
958	1117
959	1116
960	1099
961	1128
962	1155
963	1232
964	1109
965	1210
966	1095
967	1212
968	1183
969	1178
970	1245
971	1243
972	1251
973	1241
974	1204
975	1176
976	1070
977	1106
978	1222
979	1184
980	1176
981	1138
982	1221
983	1160
984	1038
985	1081
986	1101
987	1080
988	1078
989	1081
990	1053
991	1079
992	1082
993	1088
994	1081
995	1099
996	1156
997	1114
998	1067
999	1067
1000	12371853
