1	1178073326
2	189874464
3	72681779
4	35266757
5	20059921
6	12641022
7	8503898
8	5972447
9	4340856
10	3239197
11	2461187
12	1929184
13	1527498
14	1232776
15	1008275
16	839957
17	712302
18	605881
19	519969
20	457196
21	400215
22	354280
23	315951
24	281082
25	254960
26	230985
27	211662
28	192767
29	175897
30	163526
31	150666
32	140058
33	132828
34	124451
35	117514
36	112077
37	106195
38	100959
39	96569
40	94471
41	90404
42	87674
43	86735
44	83429
45	83179
46	81073
47	80052
48	77829
49	77958
50	77344
51	78101
52	80158
53	78987
54	81676
55	83243
56	83669
57	84511
58	87259
59	87480
60	88762
61	88408
62	90712
63	94976
64	96835
65	100413
66	101885
67	104528
68	108581
69	112622
70	117573
71	123963
72	127948
73	131927
74	136803
75	142291
76	145980
77	149438
78	153933
79	158915
80	165325
81	170861
82	178795
83	184710
84	192286
85	198947
86	208817
87	219070
88	227345
89	235338
90	243215
91	249597
92	260622
93	271569
94	280568
95	287356
96	295799
97	305110
98	317257
99	324539
100	333925
101	344865
102	352810
103	360673
104	368502
105	374996
106	380725
107	387300
108	395801
109	398791
110	404574
111	409253
112	412673
113	416656
114	418950
115	418856
116	419817
117	418367
118	413889
119	413896
120	411961
121	409883
122	403848
123	398541
124	396661
125	389784
126	385306
127	382554
128	377455
129	374463
130	371692
131	367123
132	365469
133	362773
134	357701
135	358103
136	359798
137	361404
138	362098
139	367319
140	370480
141	377263
142	382349
143	389577
144	395041
145	400790
146	410614
147	418286
148	428151
149	439113
150	450150
151	459325
152	468751
153	484686
154	498136
155	508626
156	522348
157	531140
158	547876
159	564519
160	582845
161	594927
162	617051
163	634923
164	647765
165	667331
166	683265
167	703925
168	723547
169	746027
170	770235
171	788512
172	811733
173	833430
174	858615
175	877806
176	902528
177	924227
178	948346
179	969044
180	991945
181	1014898
182	1040423
183	1054373
184	1079536
185	1102836
186	1133151
187	1155406
188	1182574
189	1216833
190	1241614
191	1274768
192	1299163
193	1326438
194	1351529
195	1382263
196	1404596
197	1431100
198	1450596
199	1473251
200	1494162
201	1518686
202	1542672
203	1563091
204	1582206
205	1598956
206	1617768
207	1635501
208	1651131
209	1672732
210	1687521
211	1705102
212	1722785
213	1737635
214	1753766
215	1761621
216	1778398
217	1790629
218	1808417
219	1812968
220	1809275
221	1812249
222	1805582
223	1811536
224	1807112
225	1798377
226	1795795
227	1780133
228	1764407
229	1758267
230	1741547
231	1727975
232	1718109
233	1693830
234	1682230
235	1661028
236	1640940
237	1612208
238	1591050
239	1559896
240	1530897
241	1504567
242	1472356
243	1433803
244	1404354
245	1370457
246	1336492
247	1297782
248	1253180
249	1216091
250	1178498
251	1137992
252	1097809
253	1057222
254	1011596
255	971622
256	931734
257	891865
258	855605
259	815951
260	773504
261	740345
262	707158
263	668290
264	634226
265	596682
266	564925
267	530303
268	496586
269	463511
270	434079
271	405021
272	376882
273	350785
274	328800
275	304997
276	282098
277	260989
278	239205
279	220057
280	203351
281	186858
282	171682
283	158090
284	145985
285	134907
286	124279
287	113104
288	103290
289	95760
290	88717
291	81997
292	75577
293	69513
294	63010
295	58207
296	53916
297	50337
298	46984
299	43936
300	41440
301	38882
302	36670
303	35599
304	33797
305	33095
306	31872
307	30749
308	30403
309	29200
310	29197
311	28450
312	28243
313	28289
314	28275
315	28093
316	27439
317	27248
318	27266
319	27379
320	27665
321	27249
322	27233
323	27506
324	27792
325	28300
326	28116
327	28610
328	28401
329	28532
330	28548
331	29253
332	29865
333	29999
334	30396
335	30559
336	31090
337	31453
338	31213
339	31926
340	31648
341	32565
342	32690
343	32662
344	32704
345	32670
346	33096
347	33365
348	33237
349	33663
350	33653
351	33486
352	33258
353	33173
354	33669
355	34142
356	34495
357	34317
358	34274
359	34492
360	34794
361	35280
362	35174
363	35110
364	36013
365	35975
366	36157
367	36122
368	36997
369	37373
370	37543
371	36451
372	37269
373	37247
374	36961
375	37303
376	37521
377	37805
378	37918
379	38638
380	38553
381	38476
382	38665
383	38459
384	38271
385	38364
386	38287
387	39295
388	38906
389	38773
390	39071
391	39155
392	39237
393	39360
394	38936
395	38723
396	38825
397	39112
398	39538
399	39365
400	39314
401	39449
402	39473
403	39989
404	40393
405	39982
406	40491
407	40950
408	40943
409	41051
410	41177
411	41484
412	40918
413	41340
414	41258
415	41483
416	41041
417	41421
418	41403
419	40378
420	40885
421	41564
422	41197
423	40512
424	40853
425	40200
426	39866
427	39940
428	40215
429	40236
430	40184
431	39835
432	39108
433	39131
434	38849
435	38624
436	39020
437	38420
438	38630
439	37822
440	36973
441	36874
442	37081
443	36551
444	36677
445	36131
446	35504
447	35617
448	35235
449	35396
450	34473
451	34279
452	33923
453	33414
454	32897
455	32890
456	32573
457	32232
458	31794
459	31454
460	31063
461	30125
462	30512
463	30041
464	29750
465	29723
466	28713
467	27936
468	28273
469	27114
470	27190
471	26930
472	26356
473	26601
474	25919
475	25284
476	25089
477	24155
478	23758
479	23836
480	23181
481	23013
482	22242
483	22244
484	22099
485	21940
486	21185
487	21040
488	21003
489	20177
490	19862
491	19512
492	18839
493	18937
494	18909
495	18123
496	18238
497	17774
498	17436
499	17367
500	16911
501	16888
502	16599
503	16282
504	15949
505	15632
506	15392
507	15633
508	15080
509	14898
510	14686
511	14526
512	14512
513	14263
514	14085
515	13696
516	13495
517	13230
518	13206
519	13032
520	12908
521	13121
522	13168
523	12877
524	12465
525	12518
526	12420
527	12257
528	12321
529	11901
530	11973
531	12029
532	11887
533	11760
534	11556
535	12074
536	11878
537	11870
538	11823
539	11684
540	11673
541	11350
542	11412
543	11367
544	11495
545	11180
546	11198
547	11172
548	11122
549	11000
550	10977
551	11031
552	11125
553	11176
554	10896
555	10881
556	10758
557	10718
558	10602
559	10539
560	10456
561	10668
562	10666
563	10401
564	10567
565	10256
566	10656
567	10650
568	10513
569	10743
570	10663
571	10675
572	10604
573	10846
574	10778
575	10897
576	10721
577	10960
578	10617
579	10951
580	10717
581	11059
582	11073
583	11097
584	11144
585	11247
586	11030
587	10947
588	11002
589	10821
590	10852
591	11039
592	10762
593	10823
594	10785
595	10968
596	10858
597	10811
598	10598
599	10616
600	10572
601	10673
602	10414
603	10867
604	10589
605	10555
606	10412
607	10315
608	10608
609	10604
610	10177
611	10520
612	10479
613	10265
614	10443
615	10095
616	10252
617	10052
618	10107
619	10093
620	9890
621	9813
622	9698
623	9609
624	9674
625	9386
626	9370
627	9334
628	9281
629	9445
630	9276
631	9283
632	9257
633	9267
634	9243
635	9079
636	9238
637	9090
638	9111
639	8635
640	8745
641	8620
642	8906
643	8747
644	8845
645	8771
646	8727
647	8820
648	8639
649	8691
650	8462
651	8463
652	8566
653	8409
654	8524
655	8440
656	8459
657	8374
658	8335
659	8436
660	8327
661	8247
662	8175
663	8128
664	8084
665	8287
666	8175
667	8233
668	8141
669	8037
670	8137
671	8079
672	7668
673	7681
674	7559
675	7820
676	7634
677	7782
678	7598
679	7677
680	7543
681	7634
682	7612
683	7534
684	7734
685	7375
686	7298
687	7316
688	7167
689	7011
690	6964
691	6975
692	6890
693	6679
694	6824
695	6706
696	6613
697	6713
698	6805
699	6571
700	6771
701	6719
702	6739
703	6602
704	6599
705	6476
706	6340
707	6436
708	6430
709	6444
710	6324
711	6593
712	6498
713	6638
714	6298
715	6404
716	6225
717	6257
718	6036
719	6103
720	5919
721	5947
722	5981
723	5734
724	5953
725	5873
726	5793
727	5778
728	5907
729	5631
730	5649
731	5773
732	5519
733	5468
734	5499
735	5559
736	5600
737	5613
738	5520
739	5626
740	5541
741	5474
742	5322
743	5381
744	5132
745	5190
746	5245
747	5076
748	5377
749	5271
750	5362
751	5367
752	5330
753	5201
754	5267
755	5255
756	5005
757	5049
758	5055
759	5151
760	5221
761	5234
762	5018
763	5234
764	5239
765	5082
766	4990
767	5037
768	5203
769	5119
770	4979
771	5044
772	5085
773	5156
774	5062
775	4770
776	4972
777	4817
778	4897
779	4853
780	4969
781	4795
782	4719
783	4924
784	4942
785	5007
786	4932
787	4827
788	4840
789	4748
790	4853
791	4895
792	4977
793	4872
794	4956
795	5030
796	4847
797	4870
798	5005
799	5103
800	4825
801	4733
802	4752
803	4647
804	4690
805	4915
806	4729
807	4670
808	4646
809	4665
810	4759
811	4625
812	4630
813	4557
814	4498
815	4427
816	4432
817	4544
818	4422
819	4368
820	4510
821	4391
822	4431
823	4336
824	4226
825	4318
826	4279
827	4263
828	4353
829	4134
830	4201
831	4227
832	4422
833	4279
834	4101
835	4189
836	4138
837	4133
838	4034
839	4152
840	4121
841	4094
842	4039
843	4022
844	4023
845	3918
846	4025
847	4024
848	3748
849	3832
850	3736
851	3708
852	3763
853	3758
854	3663
855	3777
856	3695
857	3546
858	3487
859	3601
860	3850
861	3736
862	3629
863	3530
864	3564
865	3523
866	3430
867	3507
868	3289
869	3261
870	3350
871	3370
872	3442
873	3353
874	3405
875	3379
876	3378
877	3425
878	3497
879	3462
880	3329
881	3325
882	3309
883	3177
884	3274
885	3214
886	3165
887	3120
888	3160
889	3147
890	3173
891	3252
892	3195
893	3212
894	3178
895	3212
896	3347
897	3271
898	3176
899	3228
900	3295
901	3363
902	3202
903	3171
904	3169
905	3307
906	3276
907	3284
908	3215
909	3056
910	3249
911	3180
912	3085
913	3236
914	3164
915	3158
916	3077
917	3160
918	3103
919	3032
920	3066
921	3089
922	3047
923	3091
924	3079
925	3007
926	3069
927	3083
928	3056
929	3215
930	3081
931	3129
932	3151
933	3074
934	2911
935	3069
936	3012
937	3180
938	2962
939	2970
940	2893
941	2886
942	2878
943	2902
944	2955
945	2975
946	3008
947	2968
948	2693
949	2958
950	2921
951	2926
952	2814
953	2723
954	2908
955	2891
956	2824
957	2840
958	2865
959	2845
960	2755
961	2763
962	2717
963	2614
964	2696
965	2680
966	2673
967	2700
968	2568
969	2654
970	2709
971	2728
972	2651
973	2698
974	2657
975	2545
976	2662
977	2617
978	2562
979	2527
980	2582
981	2624
982	2617
983	2601
984	2557
985	2601
986	2632
987	2607
988	2625
989	2665
990	2566
991	2600
992	2521
993	2491
994	2527
995	2516
996	2472
997	2525
998	2511
999	2521
1000	13569233
