1	912417961
2	85295892
3	23901646
4	10142803
5	5306187
6	3175608
7	2092049
8	1480069
9	1129860
10	884333
11	740568
12	642866
13	577301
14	555676
15	568064
16	611576
17	697308
18	835289
19	1042625
20	1375161
21	1871474
22	2573207
23	3466479
24	4586159
25	5954843
26	7631279
27	9612132
28	11766170
29	14030924
30	16278523
31	18411761
32	20365453
33	21961576
34	23015925
35	23605280
36	23689305
37	23161867
38	22134410
39	20653910
40	18918099
41	17027227
42	15016322
43	12899550
44	10900712
45	9009693
46	7322450
47	5843700
48	4614225
49	3613382
50	2796921
51	2176318
52	1667476
53	1289432
54	1030310
55	864504
56	769785
57	733248
58	742289
59	784429
60	857948
61	945455
62	1048518
63	1156851
64	1272149
65	1385086
66	1496852
67	1592279
68	1681531
69	1761625
70	1829373
71	1868800
72	1895666
73	1905042
74	1883244
75	1839983
76	1785392
77	1708109
78	1619474
79	1528798
80	1433840
81	1330451
82	1219990
83	1114059
84	1007279
85	903734
86	808336
87	716297
88	641114
89	571552
90	505504
91	445696
92	400061
93	357681
94	323480
95	294219
96	273554
97	256642
98	244784
99	236793
100	233386
101	228056
102	227302
103	226814
104	223695
105	224041
106	223361
107	221586
108	224688
109	222023
110	219880
111	215527
112	208271
113	204610
114	198370
115	192371
116	183987
117	177144
118	170328
119	162999
120	155438
121	148351
122	141252
123	133803
124	128469
125	120966
126	115885
127	110830
128	105496
129	101025
130	98425
131	96344
132	92523
133	91151
134	90752
135	90412
136	91575
137	91630
138	91526
139	91489
140	90583
141	91180
142	90835
143	91685
144	90472
145	89931
146	88820
147	86884
148	86406
149	84409
150	83868
151	81489
152	79417
153	77932
154	75537
155	73626
156	71748
157	69483
158	65917
159	66026
160	62931
161	60830
162	59526
163	57458
164	56206
165	55754
166	54907
167	53704
168	52533
169	52592
170	51365
171	50298
172	49940
173	49230
174	48361
175	48363
176	48099
177	46931
178	47293
179	46198
180	45835
181	46188
182	45596
183	45363
184	43714
185	43286
186	42592
187	41839
188	41050
189	40299
190	40357
191	40533
192	38649
193	38162
194	37853
195	37053
196	36426
197	35633
198	35099
199	34666
200	33777
201	34267
202	33063
203	32215
204	32671
205	32126
206	31046
207	31284
208	30691
209	30711
210	29688
211	29358
212	28480
213	28341
214	28844
215	28567
216	28568
217	28186
218	27617
219	27776
220	27747
221	27501
222	26514
223	26328
224	26303
225	26162
226	25783
227	26609
228	25773
229	25790
230	25437
231	25149
232	24546
233	24663
234	24040
235	23623
236	23621
237	22642
238	22534
239	22278
240	22266
241	22396
242	22005
243	21764
244	20652
245	20673
246	20623
247	20624
248	19956
249	19887
250	19914
251	19551
252	19717
253	19480
254	19333
255	18890
256	18910
257	18864
258	18473
259	19064
260	18620
261	18380
262	18264
263	18019
264	17934
265	17736
266	17684
267	17650
268	17069
269	17252
270	17275
271	17248
272	16490
273	16442
274	16550
275	16573
276	16175
277	16129
278	16057
279	15551
280	15215
281	14638
282	14406
283	14477
284	14861
285	14641
286	14301
287	14209
288	14143
289	14062
290	13788
291	13528
292	13732
293	13620
294	13274
295	13379
296	13617
297	13525
298	13389
299	13401
300	12992
301	13373
302	13083
303	12953
304	12986
305	12666
306	12590
307	12098
308	12275
309	12239
310	12165
311	12445
312	12097
313	12044
314	11550
315	11609
316	11539
317	11771
318	11422
319	11817
320	11418
321	11052
322	11111
323	11221
324	11285
325	11114
326	10978
327	10975
328	10576
329	10661
330	10833
331	10671
332	10495
333	10568
334	10327
335	10661
336	10403
337	10476
338	9916
339	10036
340	9836
341	10029
342	10094
343	10184
344	9912
345	10058
346	9681
347	9646
348	9874
349	9806
350	9641
351	9433
352	9171
353	9158
354	9074
355	8950
356	8830
357	8811
358	8703
359	8953
360	8632
361	8919
362	8644
363	8625
364	8698
365	8381
366	8869
367	8437
368	8623
369	8161
370	8415
371	8387
372	8035
373	8001
374	8119
375	8099
376	7977
377	7848
378	7647
379	7697
380	7644
381	7487
382	7465
383	7519
384	7350
385	7360
386	7343
387	7372
388	7237
389	7275
390	7048
391	7009
392	6926
393	7127
394	6862
395	6673
396	6837
397	6711
398	6689
399	6820
400	6582
401	6753
402	6567
403	6686
404	6475
405	6326
406	6513
407	6406
408	6505
409	6546
410	6593
411	6409
412	6332
413	6307
414	6164
415	6132
416	6300
417	6184
418	6290
419	6221
420	5968
421	5923
422	5803
423	5940
424	5957
425	5873
426	5928
427	6003
428	6078
429	5951
430	5756
431	5867
432	5656
433	5808
434	5571
435	5821
436	5574
437	5608
438	5504
439	5532
440	5373
441	5544
442	5455
443	5435
444	5489
445	5473
446	5488
447	5487
448	5441
449	5228
450	5078
451	5036
452	5047
453	5028
454	5064
455	5271
456	5157
457	4980
458	4891
459	5107
460	5182
461	5057
462	4925
463	4912
464	4901
465	4858
466	4870
467	4901
468	4744
469	4898
470	4639
471	4771
472	4724
473	4679
474	4720
475	4843
476	4699
477	4616
478	4540
479	4556
480	4518
481	4549
482	4639
483	4463
484	4261
485	4399
486	4521
487	4428
488	4343
489	4393
490	4335
491	4238
492	4202
493	4418
494	4360
495	4286
496	4308
497	4217
498	4115
499	4192
500	4125
501	4233
502	4103
503	4116
504	3888
505	3972
506	3960
507	3943
508	3890
509	3923
510	4126
511	3930
512	3924
513	3985
514	4003
515	3880
516	3849
517	3934
518	3656
519	3844
520	3808
521	3778
522	3693
523	3662
524	3535
525	3532
526	3548
527	3553
528	3572
529	3507
530	3637
531	3671
532	3557
533	3636
534	3692
535	3633
536	3605
537	3600
538	3620
539	3632
540	3699
541	3609
542	3588
543	3713
544	3496
545	3635
546	3579
547	3571
548	3706
549	3535
550	3507
551	3555
552	3339
553	3394
554	3328
555	3383
556	3381
557	3404
558	3389
559	3393
560	3288
561	3281
562	3313
563	3396
564	3281
565	3170
566	3300
567	3342
568	3290
569	3155
570	3100
571	3128
572	3080
573	3124
574	3128
575	3068
576	3217
577	3211
578	3044
579	3183
580	3072
581	3069
582	3127
583	3101
584	2941
585	3043
586	3003
587	3031
588	3128
589	3058
590	3089
591	3120
592	3126
593	2994
594	2934
595	2994
596	2823
597	2995
598	2936
599	2907
600	2905
601	2813
602	2940
603	2944
604	2895
605	2885
606	2978
607	3033
608	2838
609	2769
610	2898
611	2912
612	2997
613	2984
614	3094
615	3231
616	3123
617	3034
618	3013
619	3086
620	3157
621	3082
622	3128
623	3138
624	3163
625	3241
626	3203
627	2984
628	2996
629	3044
630	3038
631	3101
632	3194
633	3216
634	3271
635	3267
636	3317
637	3256
638	3184
639	3304
640	3066
641	3017
642	2941
643	3185
644	3179
645	3113
646	3047
647	3125
648	3038
649	3181
650	3124
651	3140
652	3068
653	3004
654	3111
655	2903
656	3111
657	2955
658	2961
659	3038
660	2927
661	2912
662	2765
663	2914
664	2752
665	2816
666	2850
667	2672
668	2699
669	2634
670	2968
671	2797
672	2739
673	2743
674	2734
675	2589
676	2517
677	2605
678	2431
679	2509
680	2609
681	2409
682	2540
683	2533
684	2542
685	2526
686	2432
687	2472
688	2421
689	2340
690	2368
691	2451
692	2462
693	2342
694	2408
695	2422
696	2298
697	2245
698	2257
699	2223
700	2291
701	2268
702	2138
703	2182
704	2288
705	2227
706	2151
707	2177
708	2149
709	2125
710	2106
711	2312
712	2146
713	2244
714	2030
715	2114
716	2150
717	2134
718	2122
719	2050
720	2107
721	2051
722	2011
723	2156
724	2077
725	2159
726	2141
727	2101
728	2115
729	1988
730	2066
731	2067
732	1903
733	1972
734	1969
735	2083
736	2058
737	1974
738	1893
739	1926
740	1956
741	1980
742	1935
743	2074
744	1973
745	2089
746	2037
747	2025
748	1896
749	1938
750	2051
751	2045
752	1938
753	1931
754	2071
755	1908
756	2018
757	1985
758	2038
759	2027
760	1999
761	1972
762	2092
763	1994
764	1974
765	1940
766	1975
767	2005
768	1923
769	1891
770	2029
771	1972
772	2018
773	1975
774	1968
775	1827
776	1942
777	1844
778	1854
779	1882
780	1828
781	1980
782	1875
783	1912
784	1922
785	1974
786	1889
787	1894
788	1987
789	1909
790	2046
791	1959
792	2063
793	1912
794	1892
795	2054
796	1996
797	2036
798	1966
799	2033
800	2135
801	2156
802	2064
803	2035
804	2066
805	2139
806	2243
807	2110
808	2010
809	2066
810	2106
811	2108
812	2119
813	2013
814	1951
815	1940
816	2029
817	2066
818	2114
819	2100
820	2085
821	2053
822	2131
823	2065
824	2138
825	2020
826	2141
827	2138
828	2124
829	2229
830	2125
831	2065
832	2114
833	2163
834	2137
835	2057
836	2146
837	2056
838	2175
839	2065
840	2124
841	2115
842	2001
843	2041
844	1953
845	1988
846	2080
847	1992
848	1954
849	1979
850	1849
851	1874
852	1875
853	1813
854	1903
855	1899
856	1865
857	1921
858	1853
859	1861
860	1891
861	1860
862	1856
863	1802
864	1758
865	1783
866	1830
867	1747
868	1701
869	1772
870	1711
871	1748
872	1824
873	1801
874	1810
875	1751
876	1742
877	1793
878	1664
879	1651
880	1741
881	1688
882	1739
883	1791
884	1730
885	1700
886	1821
887	1742
888	1741
889	1657
890	1646
891	1641
892	1668
893	1601
894	1615
895	1568
896	1644
897	1628
898	1561
899	1432
900	1543
901	1504
902	1527
903	1481
904	1581
905	1574
906	1526
907	1573
908	1546
909	1561
910	1537
911	1498
912	1527
913	1541
914	1458
915	1392
916	1459
917	1392
918	1439
919	1334
920	1391
921	1336
922	1248
923	1297
924	1345
925	1242
926	1303
927	1350
928	1364
929	1281
930	1320
931	1339
932	1258
933	1337
934	1236
935	1196
936	1193
937	1204
938	1180
939	1128
940	1174
941	1262
942	1130
943	1151
944	1184
945	1156
946	1230
947	1291
948	1301
949	1239
950	1210
951	1215
952	1162
953	1267
954	1282
955	1310
956	1213
957	1175
958	1218
959	1224
960	1210
961	1170
962	1106
963	1109
964	1099
965	1167
966	1207
967	1113
968	1196
969	1128
970	1233
971	1302
972	1178
973	1178
974	1112
975	1130
976	1183
977	1156
978	1153
979	1142
980	1215
981	1150
982	1114
983	1104
984	1119
985	1093
986	1122
987	1147
988	1161
989	1123
990	1156
991	1163
992	1146
993	1166
994	1100
995	1213
996	1144
997	1239
998	1138
999	1189
1000	5797105
